    5.6777
    4.6926
    4.7209
    1.9626
    4.2591
    4.0279
    4.8974
    3.5424
    3.7852
    4.1697
    4.4087
    5.0278
    2.3813
    2.6232
    4.5865
    3.1734
    3.3946
    4.0037
    3.5307
    3.9259
    2.0468
    3.4726
    4.6948
    2.8789
    2.6499
    3.5183
    4.4014
    5.0378
    3.8933
    5.2210
    4.3528
    3.7543
    4.4913
    3.1411
    3.0888
    2.7676
    3.1711
    5.1363
    4.2755
    5.1374
    5.1339
    3.1166
    4.5775
    3.0115
    4.0632
    3.7515
    3.3489
    3.0973
    3.7998
    3.6832
    4.8162
    3.9463
    2.8178
    2.7718
    3.8615
    5.1697
    5.2023
    4.5318
    2.5962
    4.1987
    4.5206
    4.1128
    3.2075
    4.5352
    2.7994
    3.2766
    3.7176
    2.1527
    5.1446
    4.7208
    3.4163
    3.7872
    4.2539
    3.0975
    2.3999
    3.5177
    4.9766
    4.7588
    4.0880
    3.3966
    4.5085
    3.6746
    2.8119
    3.8434
    4.7300
    5.2024
    2.8698
    3.0288
    4.6135
    4.0348
    2.2891
    3.8661
    2.7035
    3.3605
    4.9513
    4.2972
    3.7405
    2.8051
    3.4851
    3.7215
    4.8935
    2.8645
    4.2041
    4.4530
    4.8457
    2.7675
    3.1437
    3.3729
    3.7284
    3.2295
    2.8464
    3.0769
    3.9305
    3.3494
    2.8506
    4.8938
    2.9796
    3.6119
    4.1917
    2.6993
    3.7238
    2.8719
    3.3268
    3.2208
    3.5808
    2.1008
    4.0668
    3.3032
    3.5141
    4.9216
    4.1133
    2.5058
    4.9057
    4.4169
    4.0884
    5.0527
    4.2558
    3.6997
    5.1190
    5.0555
    5.4422
    5.0024
    2.7560
    4.9115
    3.4333
    3.4279
    3.6140
    3.4191
    5.0634
    4.7932
    3.4349
    4.6356
    3.1069
    3.5050
    3.1209
    4.7737
    2.9988
    4.8631
    3.5939
    3.5776
    3.8888
    2.7289
    2.8138
    3.0052
    4.0146
    4.1980
    3.3031
    3.1123
    2.9976
    4.3245
    5.2071
    3.2527
    5.0302
    5.3977
    3.7663
    3.5685
    2.4202
    3.1766
    2.6986
    4.1030
    3.9706
    4.2577
    2.7119
    3.0837
    4.5443
    3.1085
    3.6697
    3.2203
    3.0380
    2.0416
    4.5382
    3.3007
    3.8285
    4.5577
    3.1485
    3.5497
    5.3483
    3.8109
    2.8078
    4.4070
    3.9844
    3.8310
    5.0465
    4.1165
    2.9705
    3.2923
    3.7123
    4.4386
    2.7366
    5.8116
    3.2957
    2.5874
    4.5960
    3.5052
    5.3833
    4.8873
    4.6097
    5.1746
    3.1647
    3.1659
    3.1516
    4.9289
    3.3069
    4.9117
    4.3072
    2.6539
    6.0574
    2.7987
    3.2899
    3.2539
    3.2335
    3.2579
    4.7205
    5.4254
    4.1233
    3.0276
    2.7255
    4.5188
    3.8832
    2.6966
    3.2403
    2.6843
    5.3537
    3.0564
    3.0164
    5.2984
    3.9145
    4.3570
    2.8590
    2.8611
    3.6575
    2.7651
    2.5547
    4.5295
    4.0590
    3.8752
    3.0485
    1.6351
    3.1010
    4.3343
    3.6910
    3.7858
    2.9946
    3.4763
    4.5585
    3.2789
    3.5453
    3.3614
    3.5960
    3.2522
    3.3929
    3.2023
    3.7143
    3.0204
    4.7509
    3.0616
    4.5110
    3.8075
    4.2581
    4.2830
    2.7453
    5.1672
    5.1046
    4.2523
    5.2900
    2.3392
    4.2239
    5.5050
    5.9584
    3.9112
    5.7746
    2.7003
    2.9814
    3.8791
    3.6956
    4.9087
    3.5318
    4.0115
    3.3988
    3.0543
    3.3787
    3.5546
    3.2021
    3.2006
    4.9806
    4.3478
    3.3131
    3.6917
    2.7273
    2.9853
    3.5134
    3.9279
    4.1404
    3.1961
    3.8349
    3.5111
    3.5953
    2.9965
    4.1163
    4.9548
    5.0060
    3.4940
    2.9017
    2.5566
    3.5569
    4.2246
    3.2965
    3.1851
    3.9087
    5.1543
    3.7574
    4.0744
    3.7224
    3.5338
    3.5790
    4.0079
    5.1896
    3.9402
    4.0082
    2.9024
    3.6501
    3.2924
    5.0412
    2.1395
    2.9528
    3.3238
    3.7545
    4.2061
    3.9210
    4.8665
    3.7785
    2.6438
    3.3989
    4.5955
    3.1335
    3.5387
    3.1713
    4.2392
    3.6970
    3.4218
    3.3754
    3.5271
    3.3228
    3.3661
    2.7171
    4.2238
    3.9948
    2.4762
    3.4574
    3.9384
    4.6740
    2.3745
    3.0276
    3.4061
    5.1676
    4.4465
    4.7166
    3.5678
    5.0946
    3.1582
    3.4718
    3.2657
    3.2958
    3.9692
    4.3728
    3.1969
    3.1470
    3.1997
    5.1662
    5.2631
    4.7764
    3.2219
    2.8960
    3.6715
    4.4222
    3.5655
    2.6861
    2.6173
    2.4383
    3.2070
    2.7179
    4.0521
    2.8893
    3.1514
    3.2420
    4.1905
    3.4418
    2.5516
    3.5226
    2.3458
    3.6231
    4.7603
    3.1994
    4.0704
    2.5695
    3.6089
    4.0742
    3.1302
    2.0829
    4.3328
    4.5816
    4.6673
    2.0864
    2.9843
    3.9737
    4.0369
    4.9556
    3.6644
    2.6466
    3.9735
    3.6409
    5.0888
    3.1950
    2.8038
    3.7079
    3.9754
    4.4313
    5.2551
    3.1465
    4.1126
    3.6056
    3.9480
    5.0638
    3.0211
    3.4307
    4.5071
    5.5193
    4.9849
    3.2927
    2.9988
    3.3051
    3.2056
    2.4189
    3.7340
    3.2973
    3.1925
    3.8654
    4.2898
    3.2670
    3.0815
    5.1374
    2.6996
    4.3057
    4.4804
    4.4814
    3.3865
    4.6980
    5.2343
    3.1926
    2.6642
    2.5997
    3.0935
    3.0281
    2.8723
    3.5164
    2.7067
    2.4683
    5.0645
    3.1504
    4.9572
    3.8101
    3.5053
    2.3841
    2.7634
    4.3647
    3.8063
    3.2683
    4.7058
    3.7012
    3.5527
    3.8577
    2.9886
    3.5079
    3.9608
    3.5305
    4.7527
    5.3713
    3.7192
    3.4905
    4.1884
    3.7473
    3.0585
    3.5488
    4.1186
    3.0765
    3.7874
    5.7787
    4.1461
    3.1843
    3.0308
    3.9764
    4.2884
    3.2071
    5.7409
    3.6122
    3.1365
    4.9988
    4.1692
    3.3977
    2.7590
    3.7822
    3.8486
    3.0088
    4.2893
    3.9655
    3.3720
    5.2526
    3.9451
    3.1761
    4.2017
    4.2712
    3.4900
    5.1769
    3.1242
    2.6560
    4.1286
    3.2914
    3.2577
    5.2624
    3.2378
    3.9749
    4.4410
    2.5069
    2.9392
    3.9416
    5.6315
    3.4715
    3.0496
    3.7266
    3.2196
    4.5315
    3.5298
    4.1326
    4.3914
    3.9921
    4.4870
    3.5664
    3.9434
    4.5436
    4.7297
    3.9083
    4.3072
    3.8612
    4.1281
    4.3976
    4.7539
    5.1817
    2.9255
    3.0223
    2.9084
    2.8453
    4.9172
    2.5209
    1.9209
    4.2586
    4.5762
    3.3253
    4.6329
    4.8907
    3.4666
    3.7604
    4.6448
    3.1330
    2.8886
    3.6719
    3.5267
    3.6447
    3.1380
    4.5540
    2.5090
    4.6705
    3.8421
    3.7283
    4.5329
    3.8112
    3.4815
    3.8139
    3.2329
    5.6871
    3.8570
    3.0341
    3.1383
    4.5221
    2.2306
    3.9594
    3.0764
    2.8833
    3.4091
    2.8337
    4.2790
    2.7184
    3.6825
    5.3851
    2.9050
    4.8819
    3.3648
    4.7813
    5.2338
    2.4967
    2.7901
    2.5582
    3.3416
    3.6274
    4.9166
    2.8804
    3.7019
    4.3945
    4.8015
    3.8043
    5.0707
    3.5800
    4.4743
    4.7059
    4.7666
    3.6760
    4.5657
    2.9152
    3.9172
    3.8603
    2.9557
    3.5219
    3.4036
    5.3609
    2.6133
    4.2486
    2.2448
    3.8900
    3.0223
    3.6869
    4.0956
    4.0312
    4.4703
    3.6006
    3.2623
    4.3405
    4.1019
    3.0372
    3.7578
    5.1283
    2.7751
    3.1807
    4.2020
    5.7020
    5.1624
    4.7199
    4.2925
    3.5688
    3.4888
    2.8657
    2.8682
    4.7398
    3.0262
    4.4902
    2.8092
    3.5487
    4.4494
    4.9656
    2.3388
    3.4718
    4.5423
    2.8769
    3.5524
    5.7312
    2.6551
    3.3405
    4.0998
    2.8675
    2.7969
    3.6043
    2.4724
    3.7834
    3.3711
    3.5974
    2.6246
    4.3766
    4.0610
    3.5142
    2.6348
    4.2867
    3.6650
    4.6170
    4.1220
    4.4280
    3.2609
    3.6660
    3.2078
    2.9243
    3.2692
    2.2955
    2.8117
    3.7555
    3.6743
    4.3347
    3.5882
    3.8658
    4.2270
    3.2937
    3.6731
    5.0878
    4.7396
    3.8442
    5.2523
    4.5051
    3.6068
    2.5852
    4.1524
    3.6353
    3.4107
    4.3827
    3.4905
    3.7608
    3.3196
    4.5794
    3.6530
    3.8036
    2.9353
    3.9636
    4.8383
    2.9242
    3.7269
    3.4162
    3.3342
    4.7065
    4.0723
    5.1760
    4.1535
    3.7013
    2.7863
    5.4107
    3.0096
    3.4350
    3.1009
    2.0420
    4.9712
    3.8457
    2.9818
    3.3453
    3.9751
    3.3777
    4.5439
    3.6327
    4.9589
    3.7672
    2.2838
    4.0106
    3.7926
    3.9696
    4.0216
    3.9930
    4.4134
    3.0770
    2.6442
    3.3702
    1.9288
    2.9553
    5.0863
    4.9063
    3.2342
    5.8640
    3.0906
    3.9287
    4.6750
    3.6055
    2.9032
    3.2676
    3.3683
    4.4321
    4.9796
    3.2087
    4.8907
    3.1534
    2.2294
    3.0912
    3.6002
    2.3165
    3.5567
    1.7781
    2.9410
    3.8669
    4.0175
    4.8423
    2.3200
    3.6804
    3.3349
    3.7554
    3.6243
    5.1042
    3.1608
    4.8890
    2.6678
    3.4038
    3.1728
    4.7495
    5.1355
    2.7775
    3.7878
    2.0690
    4.7241
    3.3965
    3.9859
    3.3076
    3.2748
    3.9457
    4.6920
    5.2067
    3.3512
    2.8533
    2.5347
    3.3324
    2.0901
    4.1033
    2.7670
    5.0291
    5.9108
    2.9500
    3.0308
    5.6825
    4.2725
    3.9827
    3.4238
    2.9354
    4.3109
    4.5324
    4.2477
    4.8137
    5.4502
    4.8145
    2.8779
    5.8402
    3.4594
    3.9869
    3.5551
    5.1218
    5.6855
    3.2587
    5.2298
    2.7127
    3.4404
    3.1322
    2.2634
    2.4764
    3.1352
    3.2168
    1.8043
    2.5002
    5.5353
    2.9080
    2.5983
    4.6841
    3.1368
    4.2119
    4.2115
    5.4012
    5.2555
    3.8060
    2.9920
    4.6509
    3.4770
    2.8814
    2.5957
    4.6513
    3.4361
    2.5167
    3.3870
    3.4556
    3.1974
    2.5520
    4.2073
    3.2063
    2.6632
    3.0432
    3.0691
    3.4897
    4.1247
    3.5649
    3.7543
    5.0631
    3.7735
    3.9487
    3.9859
    3.8040
    2.3711
    4.4947
    4.1564
    4.6768
    2.4120
    3.3773
    5.0508
    5.0486
    3.3593
    4.1147
    3.6501
    2.6976
    4.7757
    4.2910
    2.7670
    4.2345
    3.6399
    3.0581
    4.1946
    3.8426
    4.5953
    2.9849
    4.2219
    4.3721
    3.6008
    4.5591
    4.8092
    3.5541
    3.8798
    5.3951
    3.3445
    2.2901
    3.9182
    3.4791
    4.6226
    4.1302
    3.5764
    2.8655
    2.5777
    3.5875
    4.6551
    4.6687
    3.9715
    4.4496
    4.2503
    3.6620
    3.3888
    2.7219
    3.3077
    2.1230
    2.7908
    2.7198
    3.4771
    3.6441
    4.2505
    3.5135
    3.0835
    2.9317
    4.4886
    4.6261
    3.6845
    4.2417
    3.5558
    3.7990
    4.1456
    4.0605
    4.4584
    3.7933
    2.8535
    4.8213
    4.1251
    2.2659
    3.3562
    4.0454
    3.2907
    5.1808
    4.1480
    2.8874
    3.9808
    2.8709
    3.3403
    4.1515
    3.4999
    3.0707
    3.0145
    3.6404
    4.8714
    4.4874
    3.7750
    3.4634
    4.4314
    3.2923
    3.2607
    3.1076
    2.6836
    3.7960